[2, 4, 5, 5, 4, 0, 0, 4, 0, 4, 2, 3, 3, 5, 4, 4, 5, 2, 2, 4, 2, 4, 0, 5, 5, 0, 5], [4]
[2, 4, 5, 5, 4, 0, 0, 4, 0, 4, 2, 3, 3, 5, 4, 4, 5, 2, 2, 4, 2, 4, 0, 5, 5, 0, 5], [4]
[2, 4, 5, 5, 4, 0, 0, 4, 0, 4, 2, 3, 3, 5, 4, 4, 5, 2, 2, 4, 2, 4, 0, 5, 5, 0, 5], [4]
[4, 4, 5, 5, 4, 0, 2, 5, 5, 2, 4, 3, 3, 3, 4, 5, 4, 2, 1, 1, 4, 4, 0, 5, 5, 0, 5], [1000]
[2, 4, 5, 5, 4, 1, 0, 4, 0, 2, 4, 3, 3, 3, 4, 0, 1, 2, 1, 1, 2, 0, 0, 5, 5, 0, 5], [1000]
[4, 4, 5, 5, 4, 0, 2, 4, 5, 4, 2, 3, 3, 5, 4, 4, 5, 2, 2, 4, 2, 4, 0, 5, 5, 0, 5], [4]
[2, 4, 5, 5, 4, 0, 0, 4, 0, 4, 2, 3, 3, 5, 4, 4, 5, 2, 2, 4, 2, 4, 0, 5, 5, 0, 5], [4]
[2, 4, 5, 5, 4, 0, 0, 4, 0, 4, 2, 3, 3, 5, 4, 4, 5, 2, 2, 4, 2, 4, 0, 5, 5, 0, 5], [4]
[2, 4, 5, 5, 4, 0, 0, 4, 0, 4, 2, 3, 3, 5, 4, 4, 5, 2, 2, 4, 2, 4, 0, 5, 5, 0, 5], [4]
[4, 4, 5, 5, 4, 0, 2, 4, 5, 2, 4, 3, 3, 3, 4, 0, 4, 2, 1, 1, 4, 4, 0, 5, 5, 0, 5], [6]
Las tres mejores soluciones encontradas han sido:
Individuo con fitness: 4.0
[4, 4, 5, 5, 4, 0, 2, 4, 5, 4, 2, 3, 3, 5, 4, 4, 5, 2, 2, 4, 2, 4, 0, 5, 5, 0, 5]
Individuo con fitness: 4.0
[2, 4, 5, 5, 4, 0, 0, 4, 0, 4, 2, 3, 3, 5, 4, 4, 5, 2, 2, 4, 2, 4, 0, 5, 5, 0, 5]
Individuo con fitness: 6.0
[0, 4, 5, 5, 4, 0, 0, 4, 5, 2, 2, 3, 3, 3, 4, 4, 4, 2, 1, 1, 4, 4, 0, 5, 5, 0, 5]
gen	nevals	mínimo	media	máximo
0  	10    	7     	900.7	1000  
1  	2     	7     	602.9	1000  
2  	2     	7     	404.4	1000  
3  	6     	7     	106.5	1000  
4  	2     	7     	7    	7     
5  	6     	6     	106.5	1000  
6  	5     	6     	304.7	1000  
7  	8     	6     	205.5	1000  
8  	4     	4     	205.1	1000  
9  	2     	4     	104.6	1000  
10 	7     	4     	203.4	1000  
